%反射率，三行分别对应百分之0，1，9掺杂
function y=datay
y=[6.03 6.51 6.03 5.8 5.88 5.95 5.95 5.93 5.95 6.1 6.28 6.35 6.19 6.14 6.39 6.54 6.63 6.7 6.91 6.99 6.92 6.92 7.14 7.23 7.33 7.56 7.83 7.84 7.81 7.81 7.81 7.75 7.78 7.85 7.95 8.07 8.18 8.24 8.4 8.77 8.71 8.78 9 9.27 8.87 8.15 7.93 8.11 8.34 8.59 8.78 9.01 8.98 8.89 8.93 9.03 9.13 9.25 9.41 9.62 9.78 9.95 9.98 10 10.1 10.2 10.2 10.1 10.1 10.1 10.2 9.94 9.27 8.03 6.25 5.02 3.85 3.08 2.74 2.93 3.4 4.28 5.57 6.55 7.64 8.61 9.61 10.5 11 11.5 12 12.2 12.3 12.1 11.5 10.6 9.92 9.47 9.13 8.92 8.7 8.51 8.41 8.42 8.52 8.53 8.56 8.74 9.16 9.79 10 10.1 10.1 10.4 10.5 10.6 10.7 10.9 10.9 10.9 11 11.3 11.6 11.9 12.2 12.4 12.6 12.9 13.3 13.8 14.3 14.8 15.7 16.5 17.1 17.4 17.6 17.8 17.9 17.9 17.8 17.9 17.9 17.8 17.8 17.8 17.8 17.8 17.8 17.8 17.8 17.8 17.8 17.8 17.9 18;
    5.72 5.96 6.61 6.47 6.5 6.59 6.63 6.8 6.96 7.02 7.17 7.18 7.11 7.12 7.34 7.45 7.52 7.6 7.59 7.67 7.72 7.71 7.83 7.86 7.85 7.92 8.31 8.37 8.26 8.17 7.93 7.81 7.83 7.88 7.92 7.99 8.03 7.99 8 8.13 8.05 8.06 8.13 8.11 7.29 6.72 6.78 7.02 7.17 7.4 7.42 7.32 7.35 7.33 7.33 7.32 7.33 7.39 7.46 7.54 7.63 7.91 7.73 7.58 7.53 7.5 7.34 7.18 6.91 6.69 6.37 5.71 4.72 3.45 2.43 2.41 2.95 3.68 4.61 5.73 6.52 7.26 8.24 8.77 9.13 9.39 9.82 10.2 10.3 10.3 10.3 10.3 9.98 9.39 8.57 7.79 7.35 7.08 6.93 6.9 6.88 6.88 6.96 7.14 7.41 7.62 7.77 8.02 8.41 8.79 8.82 8.88 9.03 9.14 9.11 9.11 9.2 9.34 9.39 9.46 9.61 9.76 9.93 10.2 10.3 10.3 10.5 10.7 10.8 11 11.2 11.3 11.4 11.6 11.8 11.9 12 12.1 12.1 12.1 12.1 12.2 12.2 12.2 12.2 12.3 12.3 12.3 12.3 12.3 12.4 12.5 12.5 12.5 12.5 12.6;
    10.4 10.8 10.9 10.8 11 11.1 11.2 11.2 11.4 11.7 12.1 12.3 12.3 12.6 12.7 12.7 12.8 12.9 13.1 13.2 13.3 13.4 13.4 13.4 13.4 13.5 13.7 13.9 13.9 13.9 13.8 13.7 13.6 13.7 13.7 13.8 13.9 14 14.2 14.4 14.1 14.1 14.2 14.1 12.3 11.4 11.6 12.1 12.5 12.8 13 13.2 12.7 12.5 12.4 12.3 12.3 12.2 12.1 12.1 12 12.1 11.8 11.7 11.5 11.1 10.6 10.2 9.63 9.02 8.1 6.54 4.77 3.52 3.37 4.27 5.97 7.65 9.26 11 12.4 13.6 15 15.7 16.4 16.7 17.3 17.8 17.9 17.8 17.6 17.3 16.6 15.4 13.8 12.4 11.8 11.3 11.2 11.3 11.3 11.5 11.7 12 12.5 12.8 13 13.4 14.1 14.7 14.6 14.7 14.9 15 15.1 15.2 15.3 15.4 15.4 15.4 15.6 15.9 16.2 16.5 16.7 16.7 16.9 17.2 17.4 17.8 18.1 18.2 18.4 18.5 18.7 18.7 18.7 18.7 18.7 18.8 18.9 18.9 19 19 19 19 19 19.1 19.2 19.2 19.2 19.2 19.2 19.1 19.2 19.2];