%²¨Ê¸£¬301µ½600È¡Öµ
function x=datax
x=[301 303 305 307 309 310 312 314 316 318 320 322 324 326 328 330 332 334 336 337 339 341 343 345 347 349 351 353 355 357 359 361 363 364 366 368 370 372 374 376 378 380 382 384 386 388 390 391 393 395 397 399 401 403 405 407 409 411 413 415 417 418 420 422 424 426 428 430 432 434 436 438 440 442 444 445 447 449 451 453 455 457 459 461 463 465 467 469 471 472 474 476 478 480 482 484 486 488 490 492 494 496 498 499 501 503 505 507 509 511 513 515 517 519 521 523 525 526 528 530 532 534 536 538 540 542 544 546 548 550 552 553 555 557 559 561 563 565 567 569 571 573 575 577 579 580 582 584 586 588 590 592 594 596 598 600];