             0             0             0             0             0             0             0             0             0             0             0             0             0             0             0
             0             0             0             0             0             0             0             0             0             0             0             0             0             0             0
             0             0             0             0             0             0             0             0             0             0             0             0             0             0             0
             0             0             0           255             0           255             0             0             0             0             0             0             0             0             0
             0             0             0             0             0             0             0             0             0             0             0             0             0             0             0
             0             0             0             0             0             0             0             0             0             0             0             0             0             0             0
             0             0             0             0             0             0             0             0             0             0             0             0             0             0             0
             0             0             0             0             0             0             0           255             0             0             0             0             0             0             0
             0             0             0             0             0             0             0             0             0             0             0             0             0             0             0
             0             0             0             0             0           255             0             0             0             0             0             0             0             0             0
             0             0             0             0             0             0             0             0             0             0             0             0             0             0             0
             0             0             0             0             0             0             0             0             0             0             0             0             0             0             0
             0             0             0             0             0             0             0             0             0             0             0             0             0             0             0
             0             0             0             0             0             0             0             0             0             0             0             0             0             0             0
             0             0             0             0             0             0             0             0             0             0             0             0             0             0             0

        14.647       13.8769       13.1362       8.37216       4.57896       8.42019       14.2428       15.6781       15.2696       14.1811        11.143       8.90698       7.66853       4.33306       2.25059
        9.4313       18.0423       41.7457       62.0785       67.8542        59.646       39.5241       18.8084       11.6573       12.7309        9.7355       7.10906        9.6587       8.50354       2.66179
       12.1252       49.8622       131.125       215.609       252.794       219.751       135.386       54.7071       20.9891       19.7739       14.2585       4.24214       6.07436       10.7607       5.99624
       17.8712       68.1209       182.175       310.459        370.77       320.291       191.763       70.9772       21.2739       24.8507       25.1771       9.49912       2.99457        8.5508       8.50789
       15.1386       42.9871       127.275       226.884       268.476       225.434       132.834       47.8773       9.86714        14.657       24.8024       17.5801        6.2507        5.5836       8.04953
       12.7888       17.8023       50.2534       79.7913       77.4302       67.8885       77.4302       79.7913       50.2534       17.8023       12.7888       18.3825       12.6517        5.0902       5.93415
       16.6908       22.9596       30.9519        18.787     0.0436365       36.6242       135.685       197.794       148.359       51.2897       7.02688       14.3715       16.7276       6.11789       4.23979
       17.0931       27.3473       33.0534       33.3097       52.8657       126.576       231.873       272.791       193.955       70.6175       9.78714       12.9615        16.973       6.52473       3.88803
       14.9707       16.1076       18.2695       56.6923       141.237       226.884       258.644       217.594       128.405       46.1959       12.8373       14.8126       14.2338       5.99989       4.75266
       17.9084       12.2914       7.17937       65.3019       185.033       258.589       213.363       108.572       37.2677       17.6028       17.6042       15.6438        9.8598       5.82427       6.04059
       18.5673        18.479       8.15745       46.5865       140.789       190.126       131.125       39.2806       6.02412       18.1748       22.0713       11.7455       6.19375       6.89944       6.52259
       11.2118       19.0526       9.85007       12.8654       48.4576       71.8401       47.7676       16.0365       16.3728       25.4919       16.7265       5.30095       5.89225        8.2285       5.34064
       4.70095       14.1213       14.2428       4.67629       2.25377       6.60204        8.8404       13.8769       21.0954       17.3133       5.92695       3.60441       8.41049       7.53844       3.15736
       3.87408       8.33091       16.1055       17.1204       13.0594         11.09       13.1939       15.8659       13.3129       5.99626       3.23582        7.5292       8.98678       4.35176       2.05861
       5.13885       3.25686       7.02297       13.2124        16.735       16.8511       14.7162        10.668       6.02731       4.55656       7.40176       8.94908       5.26641       1.78606       3.23027

             1      0.708073      0.206705    0.00221276     0.0357969     0.0367814     0.0021687     0.0088088     0.0152942    0.00209681    0.00295959     0.0082643    0.00199938    0.00104462    0.00500665      0.708073      0.487841      0.123795   4.27808e-05     0.0406544      0.032993     0.0010712     0.0100497     0.0147268    0.00158971    0.00339041    0.00817642    0.00173117    0.00121618    0.00502403      0.206705      0.123795     0.0118635     0.0154038      0.047169     0.0210922   4.27625e-05      0.013307     0.0125571    0.00048862      0.004691    0.00772999    0.00102874    0.00177096    0.00499988    0.00221276   4.27808e-05     0.0154038     0.0441721     0.0367814    0.00561611    0.00377828     0.0162814    0.00814793   4.27321e-05    0.00662469    0.00649149   0.000250524    0.00275222    0.00472057     0.0357969     0.0406544      0.047169     0.0367814     0.0107376   0.000349183     0.0123192     0.0147268    0.00267068    0.00174554    0.00819066    0.00420421   4.26894e-05    0.00399703    0.00392194     0.0367814      0.032993     0.0210922    0.00561611   0.000349183     0.0100497     0.0163621    0.00725704    9.5164e-07    0.00551923    0.00772999    0.00147925    0.00104462     0.0049332    0.00251754     0.0021687     0.0010712   4.27625e-05    0.00377828     0.0123192     0.0163621    0.00905098    0.00048862    0.00295959     0.0082763    0.00454372   8.43853e-06    0.00313588    0.00472057   0.000906518     0.0088088     0.0100497      0.013307     0.0162814     0.0147268    0.00725704    0.00048862    0.00213192    0.00771948    0.00649149   0.000832048    0.00121618    0.00487719    0.00300522   1.25539e-05     0.0152942     0.0147268     0.0125571    0.00814793    0.00267068    9.5164e-07    0.00295959    0.00771948    0.00704812    0.00173117   0.000344184    0.00399703    0.00442755   0.000790675   0.000629651    0.00209681    0.00158971    0.00048862   4.27321e-05    0.00174554    0.00551923     0.0082763    0.00649149    0.00173117   0.000159707    0.00332128    0.00492233    0.00187944   4.26346e-05    0.00233833    0.00295959    0.00339041      0.004691    0.00662469    0.00819066    0.00772999    0.00454372   0.000832048   0.000344184    0.00332128    0.00499988    0.00251754   3.12723e-05    0.00151814    0.00335986     0.0082643    0.00817642    0.00772999    0.00649149    0.00420421    0.00147925   8.43853e-06    0.00121618    0.00399703    0.00492233    0.00251754   9.42613e-05    0.00110182    0.00323825    0.00236009    0.00199938    0.00173117    0.00102874   0.000250524   4.26894e-05    0.00104462    0.00313588    0.00487719    0.00442755    0.00187944   3.12723e-05    0.00110182    0.00315272    0.00268012   0.000468326    0.00104462    0.00121618    0.00177096    0.00275222    0.00399703     0.0049332    0.00472057    0.00300522   0.000790675   4.26346e-05    0.00151814    0.00323825    0.00268012   0.000594398   0.000174881    0.00500665    0.00502403    0.00499988    0.00472057    0.00392194    0.00251754   0.000906518   1.25539e-05   0.000629651    0.00233833    0.00335986    0.00236009   0.000468326   0.000174881     0.0016865
      0.708073             1      0.708073      0.206705    0.00221276     0.0357969     0.0367814     0.0021687     0.0088088     0.0152942    0.00209681    0.00295959     0.0082643    0.00199938    0.00104462      0.487841      0.708073      0.487841      0.123795   4.27808e-05     0.0406544      0.032993     0.0010712     0.0100497     0.0147268    0.00158971    0.00339041    0.00817642    0.00173117    0.00121618      0.123795      0.206705      0.123795     0.0118635     0.0154038      0.047169     0.0210922   4.27625e-05      0.013307     0.0125571    0.00048862      0.004691    0.00772999    0.00102874    0.00177096   4.27808e-05    0.00221276   4.27808e-05     0.0154038     0.0441721     0.0367814    0.00561611    0.00377828     0.0162814    0.00814793   4.27321e-05    0.00662469    0.00649149   0.000250524    0.00275222     0.0406544     0.0357969     0.0406544      0.047169     0.0367814     0.0107376   0.000349183     0.0123192     0.0147268    0.00267068    0.00174554    0.00819066    0.00420421   4.26894e-05    0.00399703      0.032993     0.0367814      0.032993     0.0210922    0.00561611   0.000349183     0.0100497     0.0163621    0.00725704    9.5164e-07    0.00551923    0.00772999    0.00147925    0.00104462     0.0049332     0.0010712     0.0021687     0.0010712   4.27625e-05    0.00377828     0.0123192     0.0163621    0.00905098    0.00048862    0.00295959     0.0082763    0.00454372   8.43853e-06    0.00313588    0.00472057     0.0100497     0.0088088     0.0100497      0.013307     0.0162814     0.0147268    0.00725704    0.00048862    0.00213192    0.00771948    0.00649149   0.000832048    0.00121618    0.00487719    0.00300522     0.0147268     0.0152942     0.0147268     0.0125571    0.00814793    0.00267068    9.5164e-07    0.00295959    0.00771948    0.00704812    0.00173117   0.000344184    0.00399703    0.00442755   0.000790675    0.00158971    0.00209681    0.00158971    0.00048862   4.27321e-05    0.00174554    0.00551923     0.0082763    0.00649149    0.00173117   0.000159707    0.00332128    0.00492233    0.00187944   4.26346e-05    0.00339041    0.00295959    0.00339041      0.004691    0.00662469    0.00819066    0.00772999    0.00454372   0.000832048   0.000344184    0.00332128    0.00499988    0.00251754   3.12723e-05    0.00151814    0.00817642     0.0082643    0.00817642    0.00772999    0.00649149    0.00420421    0.00147925   8.43853e-06    0.00121618    0.00399703    0.00492233    0.00251754   9.42613e-05    0.00110182    0.00323825    0.00173117    0.00199938    0.00173117    0.00102874   0.000250524   4.26894e-05    0.00104462    0.00313588    0.00487719    0.00442755    0.00187944   3.12723e-05    0.00110182    0.00315272    0.00268012    0.00121618    0.00104462    0.00121618    0.00177096    0.00275222    0.00399703     0.0049332    0.00472057    0.00300522   0.000790675   4.26346e-05    0.00151814    0.00323825    0.00268012   0.000594398    0.00502403    0.00500665    0.00502403    0.00499988    0.00472057    0.00392194    0.00251754   0.000906518   1.25539e-05   0.000629651    0.00233833    0.00335986    0.00236009   0.000468326   0.000174881
      0.206705      0.708073             1      0.708073      0.206705    0.00221276     0.0357969     0.0367814     0.0021687     0.0088088     0.0152942    0.00209681    0.00295959     0.0082643    0.00199938      0.123795      0.487841      0.708073      0.487841      0.123795   4.27808e-05     0.0406544      0.032993     0.0010712     0.0100497     0.0147268    0.00158971    0.00339041    0.00817642    0.00173117     0.0118635      0.123795      0.206705      0.123795     0.0118635     0.0154038      0.047169     0.0210922   4.27625e-05      0.013307     0.0125571    0.00048862      0.004691    0.00772999    0.00102874     0.0154038   4.27808e-05    0.00221276   4.27808e-05     0.0154038     0.0441721     0.0367814    0.00561611    0.00377828     0.0162814    0.00814793   4.27321e-05    0.00662469    0.00649149   0.000250524      0.047169     0.0406544     0.0357969     0.0406544      0.047169     0.0367814     0.0107376   0.000349183     0.0123192     0.0147268    0.00267068    0.00174554    0.00819066    0.00420421   4.26894e-05     0.0210922      0.032993     0.0367814      0.032993     0.0210922    0.00561611   0.000349183     0.0100497     0.0163621    0.00725704    9.5164e-07    0.00551923    0.00772999    0.00147925    0.00104462   4.27625e-05     0.0010712     0.0021687     0.0010712   4.27625e-05    0.00377828     0.0123192     0.0163621    0.00905098    0.00048862    0.00295959     0.0082763    0.00454372   8.43853e-06    0.00313588      0.013307     0.0100497     0.0088088     0.0100497      0.013307     0.0162814     0.0147268    0.00725704    0.00048862    0.00213192    0.00771948    0.00649149   0.000832048    0.00121618    0.00487719     0.0125571     0.0147268     0.0152942     0.0147268     0.0125571    0.00814793    0.00267068    9.5164e-07    0.00295959    0.00771948    0.00704812    0.00173117   0.000344184    0.00399703    0.00442755    0.00048862    0.00158971    0.00209681    0.00158971    0.00048862   4.27321e-05    0.00174554    0.00551923     0.0082763    0.00649149    0.00173117   0.000159707    0.00332128    0.00492233    0.00187944      0.004691    0.00339041    0.00295959    0.00339041      0.004691    0.00662469    0.00819066    0.00772999    0.00454372   0.000832048   0.000344184    0.00332128    0.00499988    0.00251754   3.12723e-05    0.00772999    0.00817642     0.0082643    0.00817642    0.00772999    0.00649149    0.00420421    0.00147925   8.43853e-06    0.00121618    0.00399703    0.00492233    0.00251754   9.42613e-05    0.00110182    0.00102874    0.00173117    0.00199938    0.00173117    0.00102874   0.000250524   4.26894e-05    0.00104462    0.00313588    0.00487719    0.00442755    0.00187944   3.12723e-05    0.00110182    0.00315272    0.00177096    0.00121618    0.00104462    0.00121618    0.00177096    0.00275222    0.00399703     0.0049332    0.00472057    0.00300522   0.000790675   4.26346e-05    0.00151814    0.00323825    0.00268012    0.00499988    0.00502403    0.00500665    0.00502403    0.00499988    0.00472057    0.00392194    0.00251754   0.000906518   1.25539e-05   0.000629651    0.00233833    0.00335986    0.00236009   0.000468326
    0.00221276      0.206705      0.708073             1      0.708073      0.206705    0.00221276     0.0357969     0.0367814     0.0021687     0.0088088     0.0152942    0.00209681    0.00295959     0.0082643   4.27808e-05      0.123795      0.487841      0.708073      0.487841      0.123795   4.27808e-05     0.0406544      0.032993     0.0010712     0.0100497     0.0147268    0.00158971    0.00339041    0.00817642     0.0154038     0.0118635      0.123795      0.206705      0.123795     0.0118635     0.0154038      0.047169     0.0210922   4.27625e-05      0.013307     0.0125571    0.00048862      0.004691    0.00772999     0.0441721     0.0154038   4.27808e-05    0.00221276   4.27808e-05     0.0154038     0.0441721     0.0367814    0.00561611    0.00377828     0.0162814    0.00814793   4.27321e-05    0.00662469    0.00649149     0.0367814      0.047169     0.0406544     0.0357969     0.0406544      0.047169     0.0367814     0.0107376   0.000349183     0.0123192     0.0147268    0.00267068    0.00174554    0.00819066    0.00420421    0.00561611     0.0210922      0.032993     0.0367814      0.032993     0.0210922    0.00561611   0.000349183     0.0100497     0.0163621    0.00725704    9.5164e-07    0.00551923    0.00772999    0.00147925    0.00377828   4.27625e-05     0.0010712     0.0021687     0.0010712   4.27625e-05    0.00377828     0.0123192     0.0163621    0.00905098    0.00048862    0.00295959     0.0082763    0.00454372   8.43853e-06     0.0162814      0.013307     0.0100497     0.0088088     0.0100497      0.013307     0.0162814     0.0147268    0.00725704    0.00048862    0.00213192    0.00771948    0.00649149   0.000832048    0.00121618    0.00814793     0.0125571     0.0147268     0.0152942     0.0147268     0.0125571    0.00814793    0.00267068    9.5164e-07    0.00295959    0.00771948    0.00704812    0.00173117   0.000344184    0.00399703   4.27321e-05    0.00048862    0.00158971    0.00209681    0.00158971    0.00048862   4.27321e-05    0.00174554    0.00551923     0.0082763    0.00649149    0.00173117   0.000159707    0.00332128    0.00492233    0.00662469      0.004691    0.00339041    0.00295959    0.00339041      0.004691    0.00662469    0.00819066    0.00772999    0.00454372   0.000832048   0.000344184    0.00332128    0.00499988    0.00251754    0.00649149    0.00772999    0.00817642     0.0082643    0.00817642    0.00772999    0.00649149    0.00420421    0.00147925   8.43853e-06    0.00121618    0.00399703    0.00492233    0.00251754   9.42613e-05   0.000250524    0.00102874    0.00173117    0.00199938    0.00173117    0.00102874   0.000250524   4.26894e-05    0.00104462    0.00313588    0.00487719    0.00442755    0.00187944   3.12723e-05    0.00110182    0.00275222    0.00177096    0.00121618    0.00104462    0.00121618    0.00177096    0.00275222    0.00399703     0.0049332    0.00472057    0.00300522   0.000790675   4.26346e-05    0.00151814    0.00323825    0.00472057    0.00499988    0.00502403    0.00500665    0.00502403    0.00499988    0.00472057    0.00392194    0.00251754   0.000906518   1.25539e-05   0.000629651    0.00233833    0.00335986    0.00236009
     0.0357969    0.00221276      0.206705      0.708073             1      0.708073      0.206705    0.00221276     0.0357969     0.0367814     0.0021687     0.0088088     0.0152942    0.00209681    0.00295959     0.0406544   4.27808e-05      0.123795      0.487841      0.708073      0.487841      0.123795   4.27808e-05     0.0406544      0.032993     0.0010712     0.0100497     0.0147268    0.00158971    0.00339041      0.047169     0.0154038     0.0118635      0.123795      0.206705      0.123795     0.0118635     0.0154038      0.047169     0.0210922   4.27625e-05      0.013307     0.0125571    0.00048862      0.004691     0.0367814     0.0441721     0.0154038   4.27808e-05    0.00221276   4.27808e-05     0.0154038     0.0441721     0.0367814    0.00561611    0.00377828     0.0162814    0.00814793   4.27321e-05    0.00662469     0.0107376     0.0367814      0.047169     0.0406544     0.0357969     0.0406544      0.047169     0.0367814     0.0107376   0.000349183     0.0123192     0.0147268    0.00267068    0.00174554    0.00819066   0.000349183    0.00561611     0.0210922      0.032993     0.0367814      0.032993     0.0210922    0.00561611   0.000349183     0.0100497     0.0163621    0.00725704    9.5164e-07    0.00551923    0.00772999     0.0123192    0.00377828   4.27625e-05     0.0010712     0.0021687     0.0010712   4.27625e-05    0.00377828     0.0123192     0.0163621    0.00905098    0.00048862    0.00295959     0.0082763    0.00454372     0.0147268     0.0162814      0.013307     0.0100497     0.0088088     0.0100497      0.013307     0.0162814     0.0147268    0.00725704    0.00048862    0.00213192    0.00771948    0.00649149   0.000832048    0.00267068    0.00814793     0.0125571     0.0147268     0.0152942     0.0147268     0.0125571    0.00814793    0.00267068    9.5164e-07    0.00295959    0.00771948    0.00704812    0.00173117   0.000344184    0.00174554   4.27321e-05    0.00048862    0.00158971    0.00209681    0.00158971    0.00048862   4.27321e-05    0.00174554    0.00551923     0.0082763    0.00649149    0.00173117   0.000159707    0.00332128    0.00819066    0.00662469      0.004691    0.00339041    0.00295959    0.00339041      0.004691    0.00662469    0.00819066    0.00772999    0.00454372   0.000832048   0.000344184    0.00332128    0.00499988    0.00420421    0.00649149    0.00772999    0.00817642     0.0082643    0.00817642    0.00772999    0.00649149    0.00420421    0.00147925   8.43853e-06    0.00121618    0.00399703    0.00492233    0.00251754   4.26894e-05   0.000250524    0.00102874    0.00173117    0.00199938    0.00173117    0.00102874   0.000250524   4.26894e-05    0.00104462    0.00313588    0.00487719    0.00442755    0.00187944   3.12723e-05    0.00399703    0.00275222    0.00177096    0.00121618    0.00104462    0.00121618    0.00177096    0.00275222    0.00399703     0.0049332    0.00472057    0.00300522   0.000790675   4.26346e-05    0.00151814    0.00392194    0.00472057    0.00499988    0.00502403    0.00500665    0.00502403    0.00499988    0.00472057    0.00392194    0.00251754   0.000906518   1.25539e-05   0.000629651    0.00233833    0.00335986
     0.0367814     0.0357969    0.00221276      0.206705      0.708073             1      0.708073      0.206705    0.00221276     0.0357969     0.0367814     0.0021687     0.0088088     0.0152942    0.00209681      0.032993     0.0406544   4.27808e-05      0.123795      0.487841      0.708073      0.487841      0.123795   4.27808e-05     0.0406544      0.032993     0.0010712     0.0100497     0.0147268    0.00158971     0.0210922      0.047169     0.0154038     0.0118635      0.123795      0.206705      0.123795     0.0118635     0.0154038      0.047169     0.0210922   4.27625e-05      0.013307     0.0125571    0.00048862    0.00561611     0.0367814     0.0441721     0.0154038   4.27808e-05    0.00221276   4.27808e-05     0.0154038     0.0441721     0.0367814    0.00561611    0.00377828     0.0162814    0.00814793   4.27321e-05   0.000349183     0.0107376     0.0367814      0.047169     0.0406544     0.0357969     0.0406544      0.047169     0.0367814     0.0107376   0.000349183     0.0123192     0.0147268    0.00267068    0.00174554     0.0100497   0.000349183    0.00561611     0.0210922      0.032993     0.0367814      0.032993     0.0210922    0.00561611   0.000349183     0.0100497     0.0163621    0.00725704    9.5164e-07    0.00551923     0.0163621     0.0123192    0.00377828   4.27625e-05     0.0010712     0.0021687     0.0010712   4.27625e-05    0.00377828     0.0123192     0.0163621    0.00905098    0.00048862    0.00295959     0.0082763    0.00725704     0.0147268     0.0162814      0.013307     0.0100497     0.0088088     0.0100497      0.013307     0.0162814     0.0147268    0.00725704    0.00048862    0.00213192    0.00771948    0.00649149    9.5164e-07    0.00267068    0.00814793     0.0125571     0.0147268     0.0152942     0.0147268     0.0125571    0.00814793    0.00267068    9.5164e-07    0.00295959    0.00771948    0.00704812    0.00173117    0.00551923    0.00174554   4.27321e-05    0.00048862    0.00158971    0.00209681    0.00158971    0.00048862   4.27321e-05    0.00174554    0.00551923     0.0082763    0.00649149    0.00173117   0.000159707    0.00772999    0.00819066    0.00662469      0.004691    0.00339041    0.00295959    0.00339041      0.004691    0.00662469    0.00819066    0.00772999    0.00454372   0.000832048   0.000344184    0.00332128    0.00147925    0.00420421    0.00649149    0.00772999    0.00817642     0.0082643    0.00817642    0.00772999    0.00649149    0.00420421    0.00147925   8.43853e-06    0.00121618    0.00399703    0.00492233    0.00104462   4.26894e-05   0.000250524    0.00102874    0.00173117    0.00199938    0.00173117    0.00102874   0.000250524   4.26894e-05    0.00104462    0.00313588    0.00487719    0.00442755    0.00187944     0.0049332    0.00399703    0.00275222    0.00177096    0.00121618    0.00104462    0.00121618    0.00177096    0.00275222    0.00399703     0.0049332    0.00472057    0.00300522   0.000790675   4.26346e-05    0.00251754    0.00392194    0.00472057    0.00499988    0.00502403    0.00500665    0.00502403    0.00499988    0.00472057    0.00392194    0.00251754   0.000906518   1.25539e-05   0.000629651    0.00233833
     0.0021687     0.0367814     0.0357969    0.00221276      0.206705      0.708073             1      0.708073      0.206705    0.00221276     0.0357969     0.0367814     0.0021687     0.0088088     0.0152942     0.0010712      0.032993     0.0406544   4.27808e-05      0.123795      0.487841      0.708073      0.487841      0.123795   4.27808e-05     0.0406544      0.032993     0.0010712     0.0100497     0.0147268   4.27625e-05     0.0210922      0.047169     0.0154038     0.0118635      0.123795      0.206705      0.123795     0.0118635     0.0154038      0.047169     0.0210922   4.27625e-05      0.013307     0.0125571    0.00377828    0.00561611     0.0367814     0.0441721     0.0154038   4.27808e-05    0.00221276   4.27808e-05     0.0154038     0.0441721     0.0367814    0.00561611    0.00377828     0.0162814    0.00814793     0.0123192   0.000349183     0.0107376     0.0367814      0.047169     0.0406544     0.0357969     0.0406544      0.047169     0.0367814     0.0107376   0.000349183     0.0123192     0.0147268    0.00267068     0.0163621     0.0100497   0.000349183    0.00561611     0.0210922      0.032993     0.0367814      0.032993     0.0210922    0.00561611   0.000349183     0.0100497     0.0163621    0.00725704    9.5164e-07    0.00905098     0.0163621     0.0123192    0.00377828   4.27625e-05     0.0010712     0.0021687     0.0010712   4.27625e-05    0.00377828     0.0123192     0.0163621    0.00905098    0.00048862    0.00295959    0.00048862    0.00725704     0.0147268     0.0162814      0.013307     0.0100497     0.0088088     0.0100497      0.013307     0.0162814     0.0147268    0.00725704    0.00048862    0.00213192    0.00771948    0.00295959    9.5164e-07    0.00267068    0.00814793     0.0125571     0.0147268     0.0152942     0.0147268     0.0125571    0.00814793    0.00267068    9.5164e-07    0.00295959    0.00771948    0.00704812     0.0082763    0.00551923    0.00174554   4.27321e-05    0.00048862    0.00158971    0.00209681    0.00158971    0.00048862   4.27321e-05    0.00174554    0.00551923     0.0082763    0.00649149    0.00173117    0.00454372    0.00772999    0.00819066    0.00662469      0.004691    0.00339041    0.00295959    0.00339041      0.004691    0.00662469    0.00819066    0.00772999    0.00454372   0.000832048   0.000344184   8.43853e-06    0.00147925    0.00420421    0.00649149    0.00772999    0.00817642     0.0082643    0.00817642    0.00772999    0.00649149    0.00420421    0.00147925   8.43853e-06    0.00121618    0.00399703    0.00313588    0.00104462   4.26894e-05   0.000250524    0.00102874    0.00173117    0.00199938    0.00173117    0.00102874   0.000250524   4.26894e-05    0.00104462    0.00313588    0.00487719    0.00442755    0.00472057     0.0049332    0.00399703    0.00275222    0.00177096    0.00121618    0.00104462    0.00121618    0.00177096    0.00275222    0.00399703     0.0049332    0.00472057    0.00300522   0.000790675   0.000906518    0.00251754    0.00392194    0.00472057    0.00499988    0.00502403    0.00500665    0.00502403    0.00499988    0.00472057    0.00392194    0.00251754   0.000906518   1.25539e-05   0.000629651
     0.0088088     0.0021687     0.0367814     0.0357969    0.00221276      0.206705      0.708073             1      0.708073      0.206705    0.00221276     0.0357969     0.0367814     0.0021687     0.0088088     0.0100497     0.0010712      0.032993     0.0406544   4.27808e-05      0.123795      0.487841      0.708073      0.487841      0.123795   4.27808e-05     0.0406544      0.032993     0.0010712     0.0100497      0.013307   4.27625e-05     0.0210922      0.047169     0.0154038     0.0118635      0.123795      0.206705      0.123795     0.0118635     0.0154038      0.047169     0.0210922   4.27625e-05      0.013307     0.0162814    0.00377828    0.00561611     0.0367814     0.0441721     0.0154038   4.27808e-05    0.00221276   4.27808e-05     0.0154038     0.0441721     0.0367814    0.00561611    0.00377828     0.0162814     0.0147268     0.0123192   0.000349183     0.0107376     0.0367814      0.047169     0.0406544     0.0357969     0.0406544      0.047169     0.0367814     0.0107376   0.000349183     0.0123192     0.0147268    0.00725704     0.0163621     0.0100497   0.000349183    0.00561611     0.0210922      0.032993     0.0367814      0.032993     0.0210922    0.00561611   0.000349183     0.0100497     0.0163621    0.00725704    0.00048862    0.00905098     0.0163621     0.0123192    0.00377828   4.27625e-05     0.0010712     0.0021687     0.0010712   4.27625e-05    0.00377828     0.0123192     0.0163621    0.00905098    0.00048862    0.00213192    0.00048862    0.00725704     0.0147268     0.0162814      0.013307     0.0100497     0.0088088     0.0100497      0.013307     0.0162814     0.0147268    0.00725704    0.00048862    0.00213192    0.00771948    0.00295959    9.5164e-07    0.00267068    0.00814793     0.0125571     0.0147268     0.0152942     0.0147268     0.0125571    0.00814793    0.00267068    9.5164e-07    0.00295959    0.00771948    0.00649149     0.0082763    0.00551923    0.00174554   4.27321e-05    0.00048862    0.00158971    0.00209681    0.00158971    0.00048862   4.27321e-05    0.00174554    0.00551923     0.0082763    0.00649149   0.000832048    0.00454372    0.00772999    0.00819066    0.00662469      0.004691    0.00339041    0.00295959    0.00339041      0.004691    0.00662469    0.00819066    0.00772999    0.00454372   0.000832048    0.00121618   8.43853e-06    0.00147925    0.00420421    0.00649149    0.00772999    0.00817642     0.0082643    0.00817642    0.00772999    0.00649149    0.00420421    0.00147925   8.43853e-06    0.00121618    0.00487719    0.00313588    0.00104462   4.26894e-05   0.000250524    0.00102874    0.00173117    0.00199938    0.00173117    0.00102874   0.000250524   4.26894e-05    0.00104462    0.00313588    0.00487719    0.00300522    0.00472057     0.0049332    0.00399703    0.00275222    0.00177096    0.00121618    0.00104462    0.00121618    0.00177096    0.00275222    0.00399703     0.0049332    0.00472057    0.00300522   1.25539e-05   0.000906518    0.00251754    0.00392194    0.00472057    0.00499988    0.00502403    0.00500665    0.00502403    0.00499988    0.00472057    0.00392194    0.00251754   0.000906518   1.25539e-05
     0.0152942     0.0088088     0.0021687     0.0367814     0.0357969    0.00221276      0.206705      0.708073             1      0.708073      0.206705    0.00221276     0.0357969     0.0367814     0.0021687     0.0147268     0.0100497     0.0010712      0.032993     0.0406544   4.27808e-05      0.123795      0.487841      0.708073      0.487841      0.123795   4.27808e-05     0.0406544      0.032993     0.0010712     0.0125571      0.013307   4.27625e-05     0.0210922      0.047169     0.0154038     0.0118635      0.123795      0.206705      0.123795     0.0118635     0.0154038      0.047169     0.0210922   4.27625e-05    0.00814793     0.0162814    0.00377828    0.00561611     0.0367814     0.0441721     0.0154038   4.27808e-05    0.00221276   4.27808e-05     0.0154038     0.0441721     0.0367814    0.00561611    0.00377828    0.00267068     0.0147268     0.0123192   0.000349183     0.0107376     0.0367814      0.047169     0.0406544     0.0357969     0.0406544      0.047169     0.0367814     0.0107376   0.000349183     0.0123192    9.5164e-07    0.00725704     0.0163621     0.0100497   0.000349183    0.00561611     0.0210922      0.032993     0.0367814      0.032993     0.0210922    0.00561611   0.000349183     0.0100497     0.0163621    0.00295959    0.00048862    0.00905098     0.0163621     0.0123192    0.00377828   4.27625e-05     0.0010712     0.0021687     0.0010712   4.27625e-05    0.00377828     0.0123192     0.0163621    0.00905098    0.00771948    0.00213192    0.00048862    0.00725704     0.0147268     0.0162814      0.013307     0.0100497     0.0088088     0.0100497      0.013307     0.0162814     0.0147268    0.00725704    0.00048862    0.00704812    0.00771948    0.00295959    9.5164e-07    0.00267068    0.00814793     0.0125571     0.0147268     0.0152942     0.0147268     0.0125571    0.00814793    0.00267068    9.5164e-07    0.00295959    0.00173117    0.00649149     0.0082763    0.00551923    0.00174554   4.27321e-05    0.00048862    0.00158971    0.00209681    0.00158971    0.00048862   4.27321e-05    0.00174554    0.00551923     0.0082763   0.000344184   0.000832048    0.00454372    0.00772999    0.00819066    0.00662469      0.004691    0.00339041    0.00295959    0.00339041      0.004691    0.00662469    0.00819066    0.00772999    0.00454372    0.00399703    0.00121618   8.43853e-06    0.00147925    0.00420421    0.00649149    0.00772999    0.00817642     0.0082643    0.00817642    0.00772999    0.00649149    0.00420421    0.00147925   8.43853e-06    0.00442755    0.00487719    0.00313588    0.00104462   4.26894e-05   0.000250524    0.00102874    0.00173117    0.00199938    0.00173117    0.00102874   0.000250524   4.26894e-05    0.00104462    0.00313588   0.000790675    0.00300522    0.00472057     0.0049332    0.00399703    0.00275222    0.00177096    0.00121618    0.00104462    0.00121618    0.00177096    0.00275222    0.00399703     0.0049332    0.00472057   0.000629651   1.25539e-05   0.000906518    0.00251754    0.00392194    0.00472057    0.00499988    0.00502403    0.00500665    0.00502403    0.00499988    0.00472057    0.00392194    0.00251754   0.000906518
    0.00209681     0.0152942     0.0088088     0.0021687     0.0367814     0.0357969    0.00221276      0.206705      0.708073             1      0.708073      0.206705    0.00221276     0.0357969     0.0367814    0.00158971     0.0147268     0.0100497     0.0010712      0.032993     0.0406544   4.27808e-05      0.123795      0.487841      0.708073      0.487841      0.123795   4.27808e-05     0.0406544      0.032993    0.00048862     0.0125571      0.013307   4.27625e-05     0.0210922      0.047169     0.0154038     0.0118635      0.123795      0.206705      0.123795     0.0118635     0.0154038      0.047169     0.0210922   4.27321e-05    0.00814793     0.0162814    0.00377828    0.00561611     0.0367814     0.0441721     0.0154038   4.27808e-05    0.00221276   4.27808e-05     0.0154038     0.0441721     0.0367814    0.00561611    0.00174554    0.00267068     0.0147268     0.0123192   0.000349183     0.0107376     0.0367814      0.047169     0.0406544     0.0357969     0.0406544      0.047169     0.0367814     0.0107376   0.000349183    0.00551923    9.5164e-07    0.00725704     0.0163621     0.0100497   0.000349183    0.00561611     0.0210922      0.032993     0.0367814      0.032993     0.0210922    0.00561611   0.000349183     0.0100497     0.0082763    0.00295959    0.00048862    0.00905098     0.0163621     0.0123192    0.00377828   4.27625e-05     0.0010712     0.0021687     0.0010712   4.27625e-05    0.00377828     0.0123192     0.0163621    0.00649149    0.00771948    0.00213192    0.00048862    0.00725704     0.0147268     0.0162814      0.013307     0.0100497     0.0088088     0.0100497      0.013307     0.0162814     0.0147268    0.00725704    0.00173117    0.00704812    0.00771948    0.00295959    9.5164e-07    0.00267068    0.00814793     0.0125571     0.0147268     0.0152942     0.0147268     0.0125571    0.00814793    0.00267068    9.5164e-07   0.000159707    0.00173117    0.00649149     0.0082763    0.00551923    0.00174554   4.27321e-05    0.00048862    0.00158971    0.00209681    0.00158971    0.00048862   4.27321e-05    0.00174554    0.00551923    0.00332128   0.000344184   0.000832048    0.00454372    0.00772999    0.00819066    0.00662469      0.004691    0.00339041    0.00295959    0.00339041      0.004691    0.00662469    0.00819066    0.00772999    0.00492233    0.00399703    0.00121618   8.43853e-06    0.00147925    0.00420421    0.00649149    0.00772999    0.00817642     0.0082643    0.00817642    0.00772999    0.00649149    0.00420421    0.00147925    0.00187944    0.00442755    0.00487719    0.00313588    0.00104462   4.26894e-05   0.000250524    0.00102874    0.00173117    0.00199938    0.00173117    0.00102874   0.000250524   4.26894e-05    0.00104462   4.26346e-05   0.000790675    0.00300522    0.00472057     0.0049332    0.00399703    0.00275222    0.00177096    0.00121618    0.00104462    0.00121618    0.00177096    0.00275222    0.00399703     0.0049332    0.00233833   0.000629651   1.25539e-05   0.000906518    0.00251754    0.00392194    0.00472057    0.00499988    0.00502403    0.00500665    0.00502403    0.00499988    0.00472057    0.00392194    0.00251754
